1  Michael  462085  2.250600
2  Christopher  361250  1.759500
3  Matthew  351477  1.711900
4  Joshua  328955  1.602200
5  Jacob  298016  1.451500
6  Nicholas  275222  1.340500
7  Andrew  272600  1.327700
8  Daniel  271734  1.323500
9  Tyler  262218  1.277100
10  Joseph  260365  1.268100
11  Brandon  259299  1.262900
12  David  253193  1.233200
13  James  244775  1.192200
14  Ryan  241105  1.174300
15  John  239730  1.167600
16  Zachary  225188  1.096800
17  Justin  220012  1.071600
18  William  217588  1.059800
19  Anthony  216088  1.052500
20  Robert  205313  1.000000
21  Jonathan  197250  0.960700
22  Austin  190053  0.925700
23  Alexander  183797  0.895200
24  Kyle  180151  0.877400
25  Kevin  165085  0.804100
26  Thomas  146515  0.713600
27  Cody  146426  0.713200
28  Jordan  144661  0.704600
29  Eric  135145  0.658200
30  Benjamin  133718  0.651300
31  Aaron  128202  0.624400
32  Christian  125899  0.613200
33  Samuel  125196  0.609800
34  Dylan  122008  0.594200
35  Steven  121009  0.589400
36  Brian  119216  0.580600
37  Jose  118843  0.578800
38  Timothy  107680  0.524500
39  Nathan  107229  0.522300
40  Adam  106822  0.520300
41  Richard  94805  0.461800
42  Patrick  92874  0.452300
43  Charles  92372  0.449900
44  Sean  91953  0.447900
45  Jason  91622  0.446200
46  Cameron  81097  0.395000
47  Jeremy  77749  0.378700
48  Mark  75751  0.368900
49  Stephen  75064  0.365600
50  Jesse  73701  0.359000
51  Juan  70809  0.344900
52  Alex  70772  0.344700
53  Travis  68176  0.332100
54  Jeffrey  66961  0.326100
55  Ethan  66878  0.325700
56  Caleb  66212  0.322500
57  Luis  64656  0.314900
58  Jared  63748  0.310500
59  Logan  63541  0.309500
60  Hunter  60499  0.294700
61  Trevor  59912  0.291800
62  Bryan  59704  0.290800
63  Evan  59366  0.289100
64  Paul  58833  0.286500
65  Taylor  58384  0.284400
66  Kenneth  58223  0.283600
67  Connor  57363  0.279400
68  Dustin  56742  0.276400
69  Noah  56093  0.273200
70  Carlos  55095  0.268300
71  Devin  55039  0.268100
72  Gabriel  54756  0.266700
73  Ian  53974  0.262900
74  Nathaniel  52541  0.255900
75  Gregory  52063  0.253600
76  Derek  50732  0.247100
77  Corey  50201  0.244500
78  Jesus  49036  0.238800
79  Scott  48999  0.238700
80  Bradley  48063  0.234100
81  Dakota  46628  0.227100
82  Antonio  46507  0.226500
83  Marcus  46434  0.226200
84  Blake  45846  0.223300
85  Garrett  45305  0.220700
86  Edward  45098  0.219700
87  Luke  44381  0.216200
88  Shawn  42450  0.206800
89  Peter  42317  0.206100
90  Seth  42176  0.205400
91  Mitchell  41997  0.204500
92  Adrian  41952  0.204300
93  Victor  41016  0.199800
94  Miguel  40947  0.199400
95  Shane  40577  0.197600
96  Chase  40287  0.196200
97  Isaac  40183  0.195700
98  Spencer  38164  0.185900
99  Lucas  38141  0.185800
100  Jack  37456  0.182400
101  Tanner  37377  0.182000
102  Angel  36950  0.180000
103  Vincent  36680  0.178700
104  Isaiah  36537  0.178000
105  Dalton  35970  0.175200
106  Brett  35411  0.172500
107  George  35215  0.171500
108  Alejandro  35127  0.171100
109  Elijah  34604  0.168500
110  Cory  34156  0.166400
111  Cole  33844  0.164800
112  Joel  33756  0.164400
113  Erik  33587  0.163600
114  Jake  33065  0.161000
115  Mason  32865  0.160100
116  Jorge  32680  0.159200
117  Dillon  32648  0.159000
118  Raymond  31576  0.153800
119  Colton  30454  0.148300
120  Ricardo  29272  0.142600
121  Casey  29242  0.142400
122  Francisco  28682  0.139700
123  Brendan  28500  0.138800
124  Devon  28407  0.138400
125  Keith  28368  0.138200
126  Colin  28241  0.137500
127  Wesley  28232  0.137500
128  Phillip  27947  0.136100
129  Oscar  27846  0.135600
130  Julian  27634  0.134600
131  Johnathan  27247  0.132700
132  Eduardo  27193  0.132400
133  Chad  27099  0.132000
134  Donald  26753  0.130300
135  Bryce  26747  0.130300
136  Ronald  26675  0.129900
137  Alec  25899  0.126100
138  Dominic  25622  0.124800
139  Grant  25442  0.123900
140  Martin  25280  0.123100
141  Henry  25056  0.122000
142  Mario  24556  0.119600
143  Xavier  24270  0.118200
144  Manuel  24141  0.117600
145  Alan  24065  0.117200
146  Derrick  23970  0.116700
147  Frank  23937  0.116600
148  Tristan  23891  0.116400
149  Collin  23738  0.115600
150  Omar  23682  0.115300
151  Jeremiah  23607  0.115000
152  Jackson  23579  0.114800
153  Troy  22809  0.111100
154  Edgar  22166  0.108000
155  Javier  22075  0.107500
156  Douglas  21959  0.107000
157  Clayton  21804  0.106200
158  Jonathon  21418  0.104300
159  Nicolas  21187  0.103200
160  Andre  21079  0.102700
161  Maxwell  20899  0.101800
162  Ivan  20438  0.099500
163  Philip  20434  0.099500
164  Levi  20148  0.098100
165  Sergio  20097  0.097900
166  Roberto  20029  0.097600
167  Darius  19656  0.095700
168  Andres  19612  0.095500
169  Cristian  19503  0.095000
170  Hector  19461  0.094800
171  Fernando  19406  0.094500
172  Drew  19322  0.094100
173  Curtis  19189  0.093500
174  Gary  19187  0.093500
175  Riley  18829  0.091700
176  Johnny  18422  0.089700
177  Max  18196  0.088600
178  Dennis  18070  0.088000
179  Malik  17938  0.087400
180  Wyatt  17919  0.087300
181  Cesar  17815  0.086800
182  Edwin  17443  0.085000
183  Gavin  17270  0.084100
184  Preston  17075  0.083200
185  Marco  16979  0.082700
186  Ruben  16901  0.082300
187  Allen  16864  0.082100
188  Calvin  16845  0.082000
189  Mathew  16794  0.081800
190  Randy  16776  0.081700
191  Brent  16618  0.080900
192  Jerry  16525  0.080500
193  Hayden  16339  0.079600
194  Alexis  16245  0.079100
195  Brady  16228  0.079000
196  Parker  16227  0.079000
197  Tony  16122  0.078500
198  Pedro  16107  0.078500
199  Craig  16097  0.078400
200  Larry  15942  0.077600
201  Erick  15664  0.076300
202  Kaleb  14899  0.072600
203  Trenton  14689  0.071500
204  Carl  14684  0.071500
205  Jeffery  14660  0.071400
206  Raul  14588  0.071100
207  Zachery  14585  0.071000
208  Sebastian  14566  0.070900
209  Louis  14412  0.070200
210  Rafael  14354  0.069900
211  Marc  14304  0.069700
212  Colby  14259  0.069400
213  Emmanuel  14162  0.069000
214  Jimmy  14104  0.068700
215  Albert  13883  0.067600
216  Kristopher  13834  0.067400
217  Julio  13818  0.067300
218  Danny  13792  0.067200
219  Harrison  13776  0.067100
220  Russell  13733  0.066900
221  Micah  13727  0.066900
222  Armando  13658  0.066500
223  Jaime  13552  0.066000
224  Gerardo  13480  0.065700
225  Diego  13427  0.065400
226  Ricky  13412  0.065300
227  Chance  13225  0.064400
228  Gage  13196  0.064300
229  Lawrence  13151  0.064100
230  Alberto  13043  0.063500
231  Terry  13035  0.063500
232  Chandler  12958  0.063100
233  Abraham  12954  0.063100
234  Micheal  12866  0.062700
235  Damian  12682  0.061800
236  Conner  12627  0.061500
237  Trey  12611  0.061400
238  Darren  12511  0.060900
239  Landon  12501  0.060900
240  Skyler  12293  0.059900
241  Donovan  12228  0.059600
242  Andy  12145  0.059200
243  Rodney  12117  0.059000
244  Lance  12094  0.058900
245  Walter  12004  0.058500
246  Liam  11884  0.057900
247  Joe  11849  0.057700
248  Nolan  11788  0.057400
249  Marcos  11782  0.057400
250  Enrique  11772  0.057300
251  Arthur  11768  0.057300
252  Todd  11609  0.056500
253  Trent  11490  0.056000
254  Bobby  11383  0.055400
255  Zackary  11373  0.055400
256  Jalen  11099  0.054100
257  Dominique  10980  0.053500
258  Billy  10940  0.053300
259  Giovanni  10925  0.053200
260  Josiah  10878  0.053000
261  Josue  10729  0.052300
262  Nickolas  10725  0.052200
263  Jay  10672  0.052000
264  Roger  10651  0.051900
265  Ramon  10474  0.051000
266  Ross  10453  0.050900
267  Dallas  10437  0.050800
268  Deandre  10355  0.050400
269  Jon  10355  0.050400
270  Randall  10319  0.050300
271  Jamal  10251  0.049900
272  Arturo  10235  0.049900
273  Israel  10151  0.049400
274  Alfredo  10101  0.049200
275  Theodore  10093  0.049200
276  Morgan  10093  0.049200
277  Maurice  10083  0.049100
278  Jonah  10063  0.049000
279  Malcolm  10061  0.049000
280  Dante  10001  0.048700
281  Bryant  9965  0.048500
282  Carson  9960  0.048500
283  Kody  9955  0.048500
284  Miles  9805  0.047800
285  Gerald  9790  0.047700
286  Marvin  9750  0.047500
287  Bailey  9737  0.047400
288  Reginald  9723  0.047400
289  Carter  9722  0.047400
290  Willie  9714  0.047300
291  Branden  9678  0.047100
292  Eddie  9643  0.047000
293  Damon  9627  0.046900
294  Owen  9625  0.046900
295  Terrance  9537  0.046500
296  Avery  9447  0.046000
297  Jessie  9294  0.045300
298  Ty  9288  0.045200
299  Lorenzo  9149  0.044600
300  Brock  9103  0.044300
301  Jamie  9082  0.044200
302  Damien  9069  0.044200
303  Johnathon  9068  0.044200
304  Tommy  9034  0.044000
305  Lee  9006  0.043900
306  Dominick  8979  0.043700
307  Gustavo  8971  0.043700
308  Elias  8839  0.043100
309  Frederick  8835  0.043000
310  Marquis  8831  0.043000
311  Aidan  8774  0.042700
312  Shaun  8616  0.042000
313  Salvador  8599  0.041900
314  Roy  8561  0.041700
315  Tevin  8523  0.041500
316  Braden  8388  0.040900
317  Demetrius  8386  0.040800
318  Brennan  8299  0.040400
319  Eli  8271  0.040300
320  Marshall  8262  0.040200
321  Conor  8241  0.040100
322  Jakob  8159  0.039700
323  Zane  8139  0.039600
324  Dean  8113  0.039500
325  Quentin  8113  0.039500
326  Ernesto  8104  0.039500
327  Fabian  8070  0.039300
328  Angelo  7980  0.038900
329  Pablo  7979  0.038900
330  Ashton  7946  0.038700
331  Griffin  7939  0.038700
332  Clinton  7930  0.038600
333  Brenden  7928  0.038600
334  Tyrone  7922  0.038600
335  Terrell  7918  0.038600
336  Bruce  7893  0.038400
337  Desmond  7853  0.038200
338  Kendall  7831  0.038100
339  Quinton  7810  0.038000
340  Terrence  7718  0.037600
341  Steve  7643  0.037200
342  Zachariah  7634  0.037200
343  Darrell  7555  0.036800
344  Zackery  7503  0.036500
345  Wayne  7479  0.036400
346  Simon  7456  0.036300
347  Drake  7438  0.036200
348  Kelvin  7388  0.036000
349  Saul  7383  0.036000
350  Leonardo  7278  0.035400
351  Jerome  7223  0.035200
352  Rene  7137  0.034800
353  Nelson  7132  0.034700
354  Franklin  7115  0.034700
355  Myles  7095  0.034600
356  Francis  7070  0.034400
357  Kameron  7069  0.034400
358  Ronnie  7050  0.034300
359  Byron  7026  0.034200
360  Lane  7026  0.034200
361  Tucker  7019  0.034200
362  Neil  6968  0.033900
363  Jarrett  6894  0.033600
364  Melvin  6871  0.033500
365  Orlando  6857  0.033400
366  Brendon  6826  0.033200
367  Devonte  6771  0.033000
368  Roman  6732  0.032800
369  Ismael  6726  0.032800
370  Emilio  6722  0.032700
371  Emanuel  6599  0.032100
372  Keegan  6587  0.032100
373  Quinn  6572  0.032000
374  Oliver  6555  0.031900
375  Darryl  6543  0.031900
376  Forrest  6500  0.031700
377  Abel  6473  0.031500
378  Kyler  6451  0.031400
379  Esteban  6447  0.031400
380  Guillermo  6440  0.031400
381  Felix  6285  0.030600
382  Cooper  6272  0.030500
383  Leonard  6256  0.030500
384  Kendrick  6234  0.030400
385  Corbin  6221  0.030300
386  Peyton  6211  0.030300
387  Dale  6205  0.030200
388  Geoffrey  6167  0.030000
389  Stanley  6114  0.029800
390  Karl  6104  0.029700
391  Weston  6104  0.029700
392  Eugene  6078  0.029600
393  Jermaine  6069  0.029600
394  Ernest  6035  0.029400
395  Graham  6000  0.029200
396  Wade  5987  0.029200
397  Keenan  5984  0.029100
398  Devante  5977  0.029100
399  Warren  5955  0.029000
400  Nikolas  5945  0.029000
401  Bryson  5915  0.028800
402  Glenn  5900  0.028700
403  Moises  5890  0.028700
404  Alvin  5830  0.028400
405  Trevon  5815  0.028300
406  Clay  5802  0.028300
407  Skylar  5766  0.028100
408  Jordon  5729  0.027900
409  Kurt  5691  0.027700
410  Cedric  5661  0.027600
411  Rodolfo  5661  0.027600
412  Beau  5610  0.027300
413  Dwayne  5604  0.027300
414  Hugo  5602  0.027300
415  Harley  5545  0.027000
416  Harold  5515  0.026900
417  Jarrod  5511  0.026800
418  Devan  5504  0.026800
419  Tyrell  5497  0.026800
420  Isiah  5468  0.026600
421  Denzel  5451  0.026500
422  Dane  5443  0.026500
423  Gilbert  5420  0.026400
424  Sam  5414  0.026400
425  Dawson  5407  0.026300
426  Harry  5396  0.026300
427  Ray  5394  0.026300
428  Stefan  5392  0.026300
429  Allan  5382  0.026200
430  Joey  5379  0.026200
431  Felipe  5345  0.026000
432  Kenny  5308  0.025900
433  Lukas  5294  0.025800
434  Noel  5266  0.025600
435  Elliot  5261  0.025600
436  Brayden  5191  0.025300
437  Kristian  5187  0.025300
438  Alfonso  5186  0.025300
439  Jarred  5170  0.025200
440  Leon  5158  0.025100
441  Tyson  5135  0.025000
442  Davis  5117  0.024900
443  Chris  5115  0.024900
444  Ali  5111  0.024900
445  Braxton  5077  0.024700
446  Gilberto  5072  0.024700
447  Darian  5048  0.024600
448  Rodrigo  5031  0.024500
449  Brody  5005  0.024400
450  Donte  4991  0.024300
451  Deshawn  4989  0.024300
452  Rudy  4979  0.024300
453  Javon  4959  0.024200
454  Keaton  4950  0.024100
455  Elliott  4943  0.024100
456  Khalil  4921  0.024000
457  Jayson  4915  0.023900
458  Charlie  4907  0.023900
459  Sheldon  4833  0.023500
460  Reid  4824  0.023500
461  Payton  4796  0.023400
462  Rogelio  4773  0.023200
463  Davon  4748  0.023100
464  Grayson  4730  0.023000
465  Tristen  4727  0.023000
466  Leo  4727  0.023000
467  Alfred  4723  0.023000
468  Sterling  4708  0.022900
469  Rashad  4687  0.022800
470  Ramiro  4684  0.022800
471  Marquise  4667  0.022700
472  Ariel  4655  0.022700
473  Blaine  4620  0.022500
474  Nathanael  4595  0.022400
475  Justice  4572  0.022300
476  Tylor  4572  0.022300
477  Cade  4569  0.022300
478  Marlon  4544  0.022100
479  Jace  4532  0.022100
480  Clarence  4531  0.022100
481  Mackenzie  4525  0.022000
482  Shaquille  4521  0.022000
483  Lewis  4518  0.022000
484  Julius  4513  0.022000
485  Darnell  4510  0.022000
486  Tomas  4508  0.022000
487  Garret  4491  0.021900
488  Reed  4490  0.021900
489  Ralph  4470  0.021800
490  Tyree  4386  0.021400
491  Brad  4373  0.021300
492  Stuart  4336  0.021100
493  Stephan  4336  0.021100
494  Jaquan  4317  0.021000
495  Roderick  4311  0.021000
496  Clifford  4292  0.020900
497  Daquan  4267  0.020800
498  Santiago  4263  0.020800
499  Alonzo  4257  0.020700
500  Demarcus  4248  0.020700
501  Barry  4222  0.020600
502  Duncan  4218  0.020500
503  Quincy  4189  0.020400
504  Antoine  4165  0.020300
505  Bernard  4161  0.020300
506  Noe  4140  0.020200
507  Wilson  4137  0.020100
508  Kelly  4137  0.020100
509  Kurtis  4127  0.020100
510  Mauricio  4085  0.019900
511  Rolando  4074  0.019800
512  Bret  4006  0.019500
513  Kory  4006  0.019500
514  Jarod  4003  0.019500
515  Jaden  3998  0.019500
516  Clint  3992  0.019400
517  Damion  3973  0.019400
518  Kirk  3958  0.019300
519  Lamar  3938  0.019200
520  Howard  3913  0.019100
521  Ahmad  3907  0.019000
522  Earl  3905  0.019000
523  Adan  3897  0.019000
524  Derick  3861  0.018800
525  Dexter  3860  0.018800
526  Dorian  3859  0.018800
527  Shannon  3845  0.018700
528  Maximilian  3827  0.018600
529  Sidney  3823  0.018600
530  Deonte  3809  0.018600
531  Nigel  3784  0.018400
532  Efrain  3776  0.018400
533  Jarvis  3736  0.018200
534  Colten  3735  0.018200
535  Ezekiel  3734  0.018200
536  Walker  3709  0.018100
537  Austen  3708  0.018100
538  Deon  3673  0.017900
539  Humberto  3654  0.017800
540  Amir  3605  0.017600
541  Jaylen  3594  0.017500
542  Darien  3582  0.017400
543  Mohammad  3567  0.017400
544  Perry  3566  0.017400
545  Moses  3560  0.017300
546  Carlton  3537  0.017200
547  Gordon  3526  0.017200
548  Courtney  3522  0.017200
549  Malachi  3518  0.017100
550  Daryl  3515  0.017100
551  Leroy  3504  0.017100
552  Deangelo  3502  0.017100
553  Issac  3491  0.017000
554  Kasey  3485  0.017000
555  Markus  3484  0.017000
556  Jaron  3480  0.016900
557  Quintin  3470  0.016900
558  Jamar  3433  0.016700
559  Ben  3420  0.016700
560  Fredrick  3408  0.016600
561  Uriel  3405  0.016600
562  Norman  3401  0.016600
563  Dwight  3399  0.016600
564  Holden  3382  0.016500
565  Solomon  3363  0.016400
566  Sawyer  3360  0.016400
567  Chaz  3357  0.016400
568  Brice  3355  0.016300
569  Alvaro  3347  0.016300
570  Vicente  3347  0.016300
571  Korey  3340  0.016300
572  Deven  3299  0.016100
573  Osvaldo  3290  0.016000
574  Mike  3281  0.016000
575  Shelby  3271  0.015900
576  Stephon  3261  0.015900
577  Freddy  3255  0.015900
578  Addison  3245  0.015800
579  Dion  3241  0.015800
580  Brenton  3222  0.015700
581  Heath  3219  0.015700
582  Cullen  3218  0.015700
583  Mitchel  3203  0.015600
584  Leonel  3189  0.015500
585  Terence  3177  0.015500
586  Salvatore  3173  0.015500
587  Kareem  3162  0.015400
588  Neal  3132  0.015300
589  Dashawn  3121  0.015200
590  Toby  3116  0.015200
591  Roland  3112  0.015200
592  Glen  3102  0.015100
593  Frankie  3071  0.015000
594  Joaquin  3055  0.014900
595  Coleman  3052  0.014900
596  Aron  3036  0.014800
597  Mohammed  3036  0.014800
598  Bennett  3019  0.014700
599  Everett  3018  0.014700
600  Nathanial  2994  0.014600
601  Irvin  2983  0.014500
602  Shayne  2968  0.014500
603  Jean  2964  0.014400
604  Raheem  2951  0.014400
605  Baby  2949  0.014400
606  Clifton  2940  0.014300
607  Raphael  2939  0.014300
608  Tre  2937  0.014300
609  Jayden  2930  0.014300
610  Will  2925  0.014200
611  Triston  2921  0.014200
612  Coty  2906  0.014200
613  Darrin  2900  0.014100
614  Kent  2899  0.014100
615  Lonnie  2893  0.014100
616  Cornelius  2884  0.014000
617  Reece  2875  0.014000
618  Milton  2823  0.013700
619  Conrad  2816  0.013700
620  Agustin  2812  0.013700
621  Kaden  2810  0.013700
622  Ezra  2809  0.013700
623  Mohamed  2804  0.013700
624  Darrius  2799  0.013600
625  Vernon  2794  0.013600
626  Marcel  2788  0.013600
627  Caden  2782  0.013500
628  Reynaldo  2776  0.013500
629  Fred  2772  0.013500
630  Tate  2766  0.013500
631  Dandre  2765  0.013500
632  Adolfo  2747  0.013400
633  Lamont  2746  0.013400
634  Jamel  2724  0.013300
635  Tracy  2720  0.013200
636  Gunnar  2708  0.013200
637  Infant  2705  0.013200
638  Rory  2704  0.013200
639  Lloyd  2698  0.013100
640  Clark  2691  0.013100
641  Arnold  2690  0.013100
642  Rigoberto  2687  0.013100
643  Ignacio  2681  0.013100
644  Ahmed  2672  0.013000
645  Rickey  2669  0.013000
646  Cortez  2666  0.013000
647  Darin  2645  0.012900
648  Don  2638  0.012800
649  Kai  2631  0.012800
650  Darion  2619  0.012800
651  Guadalupe  2615  0.012700
652  Duane  2611  0.012700
653  Kristofer  2610  0.012700
654  Camron  2593  0.012600
655  Travon  2591  0.012600
656  Nestor  2584  0.012600
657  Jonas  2576  0.012500
658  Deion  2573  0.012500
659  Juwan  2573  0.012500
660  Rick  2565  0.012500
661  Dillan  2562  0.012500
662  Ezequiel  2562  0.012500
663  Sage  2560  0.012500
664  Jasper  2537  0.012400
665  Kolby  2530  0.012300
666  Winston  2516  0.012300
667  Anton  2515  0.012200
668  Jamison  2513  0.012200
669  Kerry  2510  0.012200
670  German  2483  0.012100
671  Antwan  2477  0.012100
672  Jovan  2451  0.011900
673  Brennen  2441  0.011900
674  Tristin  2432  0.011800
675  Dimitri  2417  0.011800
676  Camden  2414  0.011800
677  Trace  2408  0.011700
678  Herbert  2407  0.011700
679  Ulises  2399  0.011700
680  Pierce  2395  0.011700
681  Guy  2383  0.011600
682  Gerard  2381  0.011600
683  Brooks  2373  0.011600
684  Thaddeus  2360  0.011500
685  Johnnie  2356  0.011500
686  Pierre  2356  0.011500
687  Jefferson  2355  0.011500
688  Jameson  2348  0.011400
689  Isaias  2335  0.011400
690  Reuben  2328  0.011300
691  Reese  2327  0.011300
692  Kobe  2314  0.011300
693  Cordell  2312  0.011300
694  Robin  2304  0.011200
695  Freddie  2302  0.011200
696  Houston  2302  0.011200
697  Jimmie  2301  0.011200
698  Cyrus  2293  0.011200
699  Bradford  2292  0.011200
700  Kade  2265  0.011000
701  Jairo  2252  0.011000
702  Paris  2249  0.011000
703  Tobias  2241  0.010900
704  Elvis  2239  0.010900
705  Moshe  2237  0.010900
706  Sammy  2234  0.010900
707  Estevan  2229  0.010900
708  Brandan  2227  0.010800
709  Davion  2222  0.010800
710  Colt  2217  0.010800
711  Kolton  2208  0.010800
712  Davonte  2201  0.010700
713  Donnie  2194  0.010700
714  Ladarius  2182  0.010600
715  Trever  2173  0.010600
716  Rhett  2171  0.010600
717  Santos  2157  0.010500
718  August  2146  0.010500
719  Madison  2145  0.010400
720  Octavio  2144  0.010400
721  Bo  2135  0.010400
722  Heriberto  2130  0.010400
723  Rashawn  2127  0.010400
724  Cruz  2125  0.010300
725  Zechariah  2115  0.010300
726  Donavan  2113  0.010300
727  Keon  2113  0.010300
728  Gino  2106  0.010300
729  Nico  2106  0.010300
730  Dayton  2099  0.010200
731  Akeem  2098  0.010200
732  Jerrod  2082  0.010100
733  Hassan  2080  0.010100
734  Jackie  2072  0.010100
735  Dangelo  2062  0.010000
736  Hakeem  2050  0.010000
737  Brandyn  2047  0.010000
738  Elmer  2042  0.009900
739  Kane  2038  0.009900
740  Aldo  2035  0.009900
741  Jaylon  2024  0.009900
742  Garrison  2003  0.009800
743  Aubrey  2002  0.009800
744  Cristopher  1995  0.009700
745  Tyrese  1989  0.009700
746  Dewayne  1982  0.009700
747  Bradly  1980  0.009600
748  Kellen  1979  0.009600
749  Bernardo  1977  0.009600
750  Nick  1971  0.009600
751  Kieran  1961  0.009600
752  Herman  1947  0.009500
753  Dequan  1946  0.009500
754  Coby  1943  0.009500
755  Gene  1922  0.009400
756  Dylon  1922  0.009400
757  Dillion  1921  0.009400
758  Myron  1920  0.009400
759  Marquez  1919  0.009300
760  Elisha  1915  0.009300
761  Tariq  1913  0.009300
762  Junior  1903  0.009300
763  Arron  1899  0.009200
764  Silas  1898  0.009200
765  Lester  1896  0.009200
766  Dana  1893  0.009200
767  Loren  1891  0.009200
768  Zakary  1879  0.009200
769  Alonso  1878  0.009100
770  Gonzalo  1873  0.009100
771  River  1868  0.009100
772  Raymundo  1864  0.009100
773  Rico  1841  0.009000
774  Sonny  1833  0.008900
775  Aric  1833  0.008900
776  Devyn  1825  0.008900
777  Royce  1820  0.008900
778  Benny  1820  0.008900
779  Josh  1819  0.008900
780  Talon  1812  0.008800
781  Benito  1805  0.008800
782  Irving  1798  0.008800
783  Vance  1795  0.008700
784  Asa  1795  0.008700
785  Marques  1795  0.008700
786  Ellis  1794  0.008700
787  Hugh  1793  0.008700
788  Josef  1788  0.008700
789  Grady  1783  0.008700
790  Misael  1758  0.008600
791  Shea  1758  0.008600
792  Leland  1754  0.008500
793  Jaleel  1753  0.008500
794  Jeff  1752  0.008500
795  Jabari  1749  0.008500
796  Jamarcus  1742  0.008500
797  Ulysses  1738  0.008500
798  Jamil  1734  0.008400
799  Bronson  1724  0.008400
800  Leslie  1715  0.008400
801  Fidel  1714  0.008300
802  Quinten  1708  0.008300
803  Efren  1707  0.008300
804  Stewart  1701  0.008300
805  Vaughn  1701  0.008300
806  Dontae  1699  0.008300
807  Mikel  1698  0.008300
808  Devonta  1698  0.008300
809  Dan  1695  0.008300
810  Lincoln  1691  0.008200
811  Mateo  1681  0.008200
812  Tyron  1679  0.008200
813  Jacoby  1673  0.008100
814  Demarco  1671  0.008100
815  Julien  1671  0.008100
816  Ari  1664  0.008100
817  Floyd  1663  0.008100
818  Antony  1661  0.008100
819  Anderson  1650  0.008000
820  Emmett  1640  0.008000
821  Alexandro  1639  0.008000
822  Dusty  1625  0.007900
823  Rocky  1622  0.007900
824  Dario  1607  0.007800
825  Barrett  1607  0.007800
826  Remington  1606  0.007800
827  Rex  1600  0.007800
828  Titus  1589  0.007700
829  Kevon  1588  0.007700
830  Keven  1576  0.007700
831  Codey  1571  0.007700
832  Austyn  1570  0.007600
833  Hernan  1569  0.007600
834  Jaylin  1568  0.007600
835  Clyde  1564  0.007600
836  Orion  1561  0.007600
837  Alton  1555  0.007600
838  Davin  1543  0.007500
839  Donnell  1536  0.007500
840  Jorden  1529  0.007400
841  Axel  1529  0.007400
842  Hans  1527  0.007400
843  Ibrahim  1521  0.007400
844  Kadeem  1518  0.007400
845  Chaim  1512  0.007400
846  Asher  1503  0.007300
847  Garett  1501  0.007300
848  Jade  1500  0.007300
849  Muhammad  1495  0.007300
850  Broderick  1491  0.007300
851  Carlo  1473  0.007200
852  Amos  1472  0.007200
853  Gregorio  1467  0.007100
854  Andreas  1465  0.007100
855  Raekwon  1458  0.007100
856  Deshaun  1455  0.007100
857  Lionel  1446  0.007000
858  Maximillian  1444  0.007000
859  Cecil  1434  0.007000
860  Erich  1430  0.007000
861  Aiden  1424  0.006900
862  Javonte  1412  0.006900
863  Rasheed  1409  0.006900
864  Dejuan  1400  0.006800
865  Adonis  1395  0.006800
866  Edgardo  1394  0.006800
867  Niko  1386  0.006800
868  Denver  1382  0.006700
869  Jim  1376  0.006700
870  Jamaal  1359  0.006600
871  Dakotah  1356  0.006600
872  Abram  1355  0.006600
873  Justyn  1348  0.006600
874  Keanu  1347  0.006600
875  Justus  1347  0.006600
876  Jacques  1340  0.006500
877  Brant  1337  0.006500
878  Chadwick  1337  0.006500
879  Augustus  1321  0.006400
880  Harvey  1318  0.006400
881  Montana  1314  0.006400
882  Zion  1310  0.006400
883  Jessy  1307  0.006400
884  Tyshawn  1305  0.006400
885  Blair  1305  0.006400
886  Cale  1304  0.006400
887  Bryon  1302  0.006300
888  Dallin  1296  0.006300
889  Deondre  1296  0.006300
890  Valentin  1296  0.006300
891  Darrion  1285  0.006300
892  Kenton  1279  0.006200
893  Erin  1274  0.006200
894  Kole  1249  0.006100
895  Eliseo  1248  0.006100
896  Layne  1247  0.006100
897  Codie  1246  0.006100
898  Armani  1246  0.006100
899  Randolph  1245  0.006100
900  Giancarlo  1244  0.006100
901  Stone  1241  0.006000
902  Ted  1241  0.006000
903  Tristian  1228  0.006000
904  Ryne  1221  0.005900
905  Alexandre  1218  0.005900
906  Gunner  1217  0.005900
907  Ervin  1202  0.005900
908  Najee  1201  0.005800
909  Abdul  1191  0.005800
910  Domenic  1190  0.005800
911  Unknown  1175  0.005700
912  Kelsey  1173  0.005700
913  Tory  1152  0.005600
914  Tyquan  1146  0.005600
915  Kelton  1145  0.005600
916  Eddy  1130  0.005500
917  Destin  1122  0.005500
918  Jess  1120  0.005500
919  Kirby  1107  0.005400
920  Khalid  1106  0.005400
921  Cristobal  1103  0.005400
922  Francesco  1102  0.005400
923  Hudson  1102  0.005400
924  Wendell  1099  0.005400
925  Isidro  1098  0.005300
926  Jody  1095  0.005300
927  Darrian  1093  0.005300
928  Braeden  1086  0.005300
929  Rusty  1084  0.005300
930  Galen  1077  0.005200
931  Lyle  1074  0.005200
932  Chester  1068  0.005200
933  Keshawn  1051  0.005100
934  Tavon  1035  0.005000
935  Easton  1029  0.005000
936  Justen  1026  0.005000
937  Marcelo  1025  0.005000
938  Dionte  1020  0.005000
939  Turner  1012  0.004900
940  Maverick  1010  0.004900
941  Storm  1009  0.004900
942  Daron  1008  0.004900
943  Shelton  1007  0.004900
944  Mickey  999  0.004900
945  Syed  998  0.004900
946  Edmund  997  0.004900
947  Spenser  995  0.004800
948  Devontae  983  0.004800
949  Emerson  978  0.004800
950  Kennedy  972  0.004700
951  Auston  972  0.004700
952  Samir  968  0.004700
953  Greg  963  0.004700
954  Tom  962  0.004700
955  Forest  958  0.004700
956  Markel  956  0.004700
957  Braydon  950  0.004600
958  Rohan  950  0.004600
959  Romeo  947  0.004600
960  Trae  947  0.004600
961  Tayler  937  0.004600
962  Dominque  937  0.004600
963  Samson  925  0.004500
964  Demario  914  0.004500
965  Kegan  912  0.004400
966  Kelby  905  0.004400
967  Jerrell  902  0.004400
968  Ryder  901  0.004400
969  Greyson  899  0.004400
970  Keyshawn  896  0.004400
971  Alden  886  0.004300
972  Brayan  883  0.004300
973  Antwon  879  0.004300
974  Shamar  877  0.004300
975  Draven  875  0.004300
976  Koby  873  0.004300
977  Jerod  867  0.004200
978  Pete  864  0.004200
979  Rodrick  860  0.004200
980  Ashley  853  0.004200
981  Darrien  846  0.004100
982  Deontae  841  0.004100
983  Otis  839  0.004100
984  Shaquan  836  0.004100
985  Randal  832  0.004100
986  Nasir  829  0.004000
987  Scotty  826  0.004000
988  Wilfredo  819  0.004000
989  Gianni  816  0.004000
990  Sherman  813  0.004000
991  Seamus  806  0.003900
992  Darwin  805  0.003900
993  Genaro  798  0.003900
994  Morris  786  0.003800
995  Jaxon  779  0.003800
996  Markell  773  0.003800
997  Ronaldo  769  0.003700
998  Waylon  764  0.003700
999  Brennon  755  0.003700
1000  Derik  753  0.003700
