1  Jessica  302962  1.543600
2  Ashley  301702  1.537200
3  Emily  237133  1.208200
4  Sarah  224000  1.141300
5  Samantha  223913  1.140800
6  Amanda  190901  0.972600
7  Brittany  190779  0.972000
8  Elizabeth  172383  0.878300
9  Taylor  168977  0.860900
10  Megan  160312  0.816800
11  Hannah  158647  0.808300
12  Kayla  155844  0.794000
13  Lauren  153530  0.782200
14  Stephanie  149725  0.762800
15  Rachel  148907  0.758700
16  Jennifer  147948  0.753800
17  Nicole  136033  0.693100
18  Alexis  131117  0.668000
19  Victoria  117386  0.598100
20  Amber  115551  0.588700
21  Alyssa  115213  0.587000
22  Courtney  113257  0.577000
23  Danielle  109541  0.558100
24  Rebecca  109514  0.558000
25  Jasmine  105247  0.536200
26  Brianna  99046  0.504600
27  Katherine  96812  0.493300
28  Alexandra  94743  0.482700
29  Madison  91870  0.468100
30  Morgan  91162  0.464500
31  Melissa  89932  0.458200
32  Michelle  86458  0.440500
33  Kelsey  85120  0.433700
34  Chelsea  84781  0.432000
35  Anna  78320  0.399000
36  Kimberly  77846  0.396600
37  Tiffany  77493  0.394800
38  Olivia  75854  0.386500
39  Mary  75247  0.383400
40  Christina  74601  0.380100
41  Allison  74398  0.379100
42  Abigail  72691  0.370400
43  Sara  72064  0.367200
44  Shelby  71974  0.366700
45  Heather  71603  0.364800
46  Haley  71168  0.362600
47  Maria  70741  0.360400
48  Kaitlyn  67544  0.344100
49  Laura  67109  0.341900
50  Erin  65312  0.332800
51  Andrea  65183  0.332100
52  Natalie  63348  0.322800
53  Jordan  61736  0.314500
54  Brooke  60614  0.308800
55  Julia  59899  0.305200
56  Emma  57961  0.295300
57  Vanessa  57868  0.294800
58  Erica  55740  0.284000
59  Sydney  55737  0.284000
60  Kelly  55710  0.283800
61  Kristen  53066  0.270400
62  Katelyn  52795  0.269000
63  Marissa  51191  0.260800
64  Amy  51141  0.260600
65  Crystal  51055  0.260100
66  Paige  50539  0.257500
67  Cassandra  50342  0.256500
68  Gabrielle  49787  0.253700
69  Katie  49168  0.250500
70  Caitlin  49011  0.249700
71  Lindsey  48968  0.249500
72  Destiny  48199  0.245600
73  Kathryn  47111  0.240000
74  Jacqueline  46051  0.234600
75  Shannon  45900  0.233900
76  Jenna  45839  0.233500
77  Angela  45134  0.230000
78  Savannah  44685  0.227700
79  Mariah  44570  0.227100
80  Alexandria  44194  0.225200
81  Sierra  43603  0.222200
82  Alicia  43463  0.221400
83  Briana  42781  0.218000
84  Miranda  42207  0.215000
85  Jamie  41425  0.211100
86  Catherine  40718  0.207500
87  Brittney  40018  0.203900
88  Breanna  40011  0.203900
89  Grace  39814  0.202900
90  Monica  38866  0.198000
91  Sabrina  38638  0.196900
92  Madeline  36949  0.188300
93  Caroline  36789  0.187400
94  Molly  36540  0.186200
95  Erika  35055  0.178600
96  Mackenzie  34769  0.177100
97  Leah  34040  0.173400
98  Diana  33747  0.171900
99  Whitney  32877  0.167500
100  Cheyenne  31825  0.162100
101  Bailey  31608  0.161000
102  Christine  31581  0.160900
103  Meghan  31486  0.160400
104  Lindsay  31371  0.159800
105  Cynthia  31303  0.159500
106  Angelica  31296  0.159500
107  Margaret  31252  0.159200
108  Kaitlin  30812  0.157000
109  Alexa  30292  0.154300
110  Hailey  30281  0.154300
111  Veronica  29837  0.152000
112  Melanie  29339  0.149500
113  Bianca  28538  0.145400
114  Ariel  28127  0.143300
115  Autumn  28126  0.143300
116  Kristin  27821  0.141700
117  Bethany  27724  0.141300
118  Lisa  27418  0.139700
119  Kristina  27230  0.138700
120  Holly  27058  0.137900
121  Leslie  26756  0.136300
122  Casey  25892  0.131900
123  Chloe  25837  0.131600
124  April  25746  0.131200
125  Julie  25409  0.129500
126  Claire  25288  0.128800
127  Kaylee  25204  0.128400
128  Brenda  24911  0.126900
129  Kathleen  24835  0.126500
130  Rachael  24501  0.124800
131  Karen  24481  0.124700
132  Sophia  24471  0.124700
133  Patricia  24112  0.122800
134  Gabriela  24059  0.122600
135  Kendra  23962  0.122100
136  Dominique  23627  0.120400
137  Kara  23508  0.119800
138  Desiree  23479  0.119600
139  Ana  23474  0.119600
140  Tara  23363  0.119000
141  Michaela  23156  0.118000
142  Brandi  22949  0.116900
143  Carly  22783  0.116100
144  Kylie  22724  0.115800
145  Karina  22591  0.115100
146  Adriana  22318  0.113700
147  Valerie  21993  0.112100
148  Caitlyn  21985  0.112000
149  Natasha  21957  0.111900
150  Hayley  21847  0.111300
151  Rebekah  20879  0.106400
152  Jocelyn  20863  0.106300
153  Cassidy  20652  0.105200
154  Jade  20387  0.103900
155  Gabriella  20145  0.102600
156  Makayla  20062  0.102200
157  Daisy  19975  0.101800
158  Alison  19723  0.100500
159  Jillian  19723  0.100500
160  Audrey  19513  0.099400
161  Faith  19501  0.099400
162  Angel  19479  0.099200
163  Nancy  19432  0.099000
164  Dana  19278  0.098200
165  Krystal  19070  0.097200
166  Alejandra  18975  0.096700
167  Ariana  18847  0.096000
168  Summer  18791  0.095700
169  Mikayla  18738  0.095500
170  Isabella  18720  0.095400
171  Raven  18495  0.094200
172  Katrina  18385  0.093700
173  Kiara  17812  0.090800
174  Sandra  17620  0.089800
175  Meagan  17104  0.087100
176  Kirsten  16875  0.086000
177  Chelsey  16832  0.085800
178  Lydia  16821  0.085700
179  Zoe  16781  0.085500
180  Monique  16757  0.085400
181  Claudia  16489  0.084000
182  Mallory  16468  0.083900
183  Joanna  16259  0.082800
184  Deanna  16211  0.082600
185  Isabel  16091  0.082000
186  Ashlee  15968  0.081400
187  Felicia  15630  0.079600
188  Marisa  15529  0.079100
189  Mckenzie  15282  0.077900
190  Mercedes  15281  0.077900
191  Jasmin  15217  0.077500
192  Krista  15208  0.077500
193  Yesenia  15163  0.077300
194  Diamond  15150  0.077200
195  Evelyn  15116  0.077000
196  Cindy  15030  0.076600
197  Selena  15027  0.076600
198  Brandy  14895  0.075900
199  Gina  14874  0.075800
200  Mia  14608  0.074400
201  Bridget  14585  0.074300
202  Tori  14530  0.074000
203  Kassandra  14520  0.074000
204  Alisha  14508  0.073900
205  Priscilla  14474  0.073700
206  Anne  14463  0.073700
207  Hope  14285  0.072800
208  Cierra  14053  0.071600
209  Maya  13945  0.071000
210  Abby  13865  0.070600
211  Lacey  13842  0.070500
212  Denise  13733  0.070000
213  Tabitha  13671  0.069700
214  Amelia  13528  0.068900
215  Jazmin  13309  0.067800
216  Allyson  13260  0.067600
217  Ashleigh  13189  0.067200
218  Cristina  13106  0.066800
219  Hanna  13068  0.066600
220  Ciara  13056  0.066500
221  Colleen  12922  0.065800
222  Carolyn  12866  0.065600
223  Karla  12847  0.065500
224  Naomi  12807  0.065300
225  Meredith  12773  0.065100
226  Linda  12768  0.065100
227  Jazmine  12664  0.064500
228  Jaclyn  12657  0.064500
229  Asia  12650  0.064500
230  Kendall  12630  0.064300
231  Daniela  12155  0.061900
232  Britney  12058  0.061400
233  Tessa  12032  0.061300
234  Arianna  11949  0.060900
235  Teresa  11949  0.060900
236  Guadalupe  11859  0.060400
237  Tatiana  11669  0.059500
238  Adrianna  11559  0.058900
239  Nina  11529  0.058700
240  Nichole  11527  0.058700
241  Candace  11516  0.058700
242  Jada  11417  0.058200
243  Kasey  11407  0.058100
244  Ellen  11319  0.057700
245  Katelynn  11301  0.057600
246  Lillian  11220  0.057200
247  Carmen  11147  0.056800
248  Mayra  11134  0.056700
249  Maggie  11088  0.056500
250  Wendy  11079  0.056400
251  Renee  11077  0.056400
252  Rosa  11039  0.056200
253  Raquel  10952  0.055800
254  Aubrey  10899  0.055500
255  Justine  10898  0.055500
256  Tiara  10888  0.055500
257  Alissa  10798  0.055000
258  Heidi  10789  0.055000
259  Susan  10779  0.054900
260  Katlyn  10715  0.054600
261  Tamara  10680  0.054400
262  Theresa  10590  0.054000
263  Jordyn  10585  0.053900
264  Clarissa  10584  0.053900
265  Ashlyn  10575  0.053900
266  Ruby  10523  0.053600
267  Camille  10446  0.053200
268  Kiana  10353  0.052700
269  Carrie  10313  0.052500
270  Esmeralda  10274  0.052300
271  Kelli  10233  0.052100
272  Riley  10224  0.052100
273  Angelina  10195  0.051900
274  Ebony  10171  0.051800
275  Marina  10159  0.051800
276  Jenny  10134  0.051600
277  Jessie  10130  0.051600
278  Cecilia  10104  0.051500
279  Alexus  10043  0.051200
280  Jacquelyn  10027  0.051100
281  Miriam  9921  0.050500
282  Virginia  9865  0.050300
283  Candice  9856  0.050200
284  Cara  9835  0.050100
285  Carolina  9824  0.050100
286  Celeste  9801  0.049900
287  Marie  9773  0.049800
288  Gloria  9769  0.049800
289  Lily  9755  0.049700
290  Kelsie  9708  0.049500
291  Elise  9706  0.049500
292  Tia  9689  0.049400
293  Charlotte  9669  0.049300
294  Janet  9642  0.049100
295  Martha  9560  0.048700
296  Elena  9486  0.048300
297  Cassie  9441  0.048100
298  Callie  9394  0.047900
299  Kate  9343  0.047600
300  Shayla  9272  0.047200
301  Alana  9216  0.047000
302  Esther  9215  0.046900
303  Brenna  9199  0.046900
304  Dakota  9141  0.046600
305  Kylee  9124  0.046500
306  Skylar  9092  0.046300
307  Savanna  9044  0.046100
308  Alexia  9032  0.046000
309  Kyra  8938  0.045500
310  Madeleine  8918  0.045400
311  Vivian  8847  0.045100
312  Stacy  8833  0.045000
313  Carissa  8814  0.044900
314  Stacey  8740  0.044500
315  Hillary  8718  0.044400
316  Ashton  8685  0.044200
317  Tiana  8680  0.044200
318  Genesis  8678  0.044200
319  Barbara  8658  0.044100
320  Madelyn  8637  0.044000
321  Ruth  8625  0.043900
322  Annie  8536  0.043500
323  Sadie  8521  0.043400
324  Alondra  8512  0.043400
325  Robin  8495  0.043300
326  Arielle  8490  0.043300
327  Anastasia  8487  0.043200
328  Janelle  8482  0.043200
329  Brooklyn  8477  0.043200
330  Rose  8468  0.043100
331  Sharon  8436  0.043000
332  Serena  8434  0.043000
333  Logan  8424  0.042900
334  Tyler  8415  0.042900
335  Helen  8393  0.042800
336  Pamela  8386  0.042700
337  Carla  8386  0.042700
338  Kyla  8366  0.042600
339  Toni  8305  0.042300
340  Kennedy  8299  0.042300
341  Mckenna  8270  0.042100
342  Deja  8266  0.042100
343  Sasha  8184  0.041700
344  Liliana  8096  0.041200
345  Kellie  8084  0.041200
346  Imani  8010  0.040800
347  Eva  7983  0.040700
348  Sophie  7983  0.040700
349  Natalia  7957  0.040500
350  Melinda  7924  0.040400
351  Ann  7888  0.040200
352  Adrienne  7833  0.039900
353  Aimee  7826  0.039900
354  Sofia  7814  0.039800
355  Devon  7806  0.039800
356  Valeria  7786  0.039700
357  Devin  7775  0.039600
358  Aaliyah  7756  0.039500
359  Juliana  7704  0.039300
360  Deborah  7572  0.038600
361  Tanya  7565  0.038500
362  Marisol  7562  0.038500
363  Christian  7514  0.038300
364  Melody  7511  0.038300
365  Elisabeth  7503  0.038200
366  Kierra  7466  0.038000
367  Karissa  7446  0.037900
368  Kira  7437  0.037900
369  Nikki  7437  0.037900
370  Peyton  7365  0.037500
371  Delaney  7308  0.037200
372  Sonia  7247  0.036900
373  Chelsie  7197  0.036700
374  Tina  7185  0.036600
375  Tierra  7174  0.036600
376  Payton  7147  0.036400
377  Nadia  7124  0.036300
378  Shawna  7104  0.036200
379  Isabelle  7085  0.036100
380  Makenzie  7060  0.036000
381  Josephine  7039  0.035900
382  Sidney  6963  0.035500
383  Mikaela  6902  0.035200
384  Macy  6898  0.035100
385  Francesca  6895  0.035100
386  Regina  6891  0.035100
387  Destinee  6880  0.035100
388  Julianna  6879  0.035000
389  Kali  6848  0.034900
390  Bryanna  6842  0.034900
391  Kailey  6829  0.034800
392  Lorena  6827  0.034800
393  Brianne  6761  0.034400
394  Avery  6696  0.034100
395  Tracy  6683  0.034000
396  Jane  6680  0.034000
397  Bria  6664  0.034000
398  Cameron  6656  0.033900
399  Kayleigh  6631  0.033800
400  Alyson  6612  0.033700
401  Taryn  6574  0.033500
402  Emilee  6572  0.033500
403  Larissa  6539  0.033300
404  Kristine  6536  0.033300
405  Cortney  6522  0.033200
406  Alaina  6495  0.033100
407  Alice  6437  0.032800
408  Chasity  6428  0.032800
409  Tayler  6379  0.032500
410  Paola  6372  0.032500
411  Gianna  6363  0.032400
412  Sylvia  6348  0.032300
413  Paula  6327  0.032200
414  Kari  6316  0.032200
415  Precious  6301  0.032100
416  Leticia  6287  0.032000
417  Kaitlynn  6278  0.032000
418  Nicolette  6210  0.031600
419  Brittani  6208  0.031600
420  Joy  6170  0.031400
421  Shanice  6153  0.031300
422  Kristy  6139  0.031300
423  Clara  6134  0.031300
424  Tania  6110  0.031100
425  India  6109  0.031100
426  Robyn  6107  0.031100
427  Harley  6107  0.031100
428  Mariana  6105  0.031100
429  Giselle  6068  0.030900
430  Cheyanne  6065  0.030900
431  Lucy  6060  0.030900
432  Frances  6049  0.030800
433  Jeanette  6046  0.030800
434  Johanna  6038  0.030800
435  Josie  6036  0.030800
436  Michele  6018  0.030700
437  Christy  5982  0.030500
438  Alma  5978  0.030500
439  Noelle  5975  0.030400
440  Shania  5957  0.030400
441  Allie  5950  0.030300
442  Kaila  5936  0.030200
443  Breana  5923  0.030200
444  Irene  5923  0.030200
445  Carley  5905  0.030100
446  Daniella  5898  0.030100
447  Jaime  5871  0.029900
448  Shayna  5832  0.029700
449  Simone  5828  0.029700
450  Haylee  5770  0.029400
451  Marilyn  5741  0.029300
452  Randi  5730  0.029200
453  Marlene  5704  0.029100
454  Donna  5665  0.028900
455  Angelique  5656  0.028800
456  Abbey  5604  0.028600
457  Ciera  5603  0.028500
458  Elisa  5564  0.028300
459  Iris  5533  0.028200
460  Yvette  5528  0.028200
461  Talia  5524  0.028100
462  Kristi  5522  0.028100
463  Nora  5514  0.028100
464  Christa  5469  0.027900
465  Skyler  5455  0.027800
466  Kourtney  5447  0.027800
467  Elaine  5434  0.027700
468  Rachelle  5431  0.027700
469  Ericka  5428  0.027700
470  Meaghan  5420  0.027600
471  Hunter  5417  0.027600
472  Misty  5417  0.027600
473  Kiera  5378  0.027400
474  Stefanie  5340  0.027200
475  Trisha  5317  0.027100
476  Katharine  5315  0.027100
477  Nia  5280  0.026900
478  Kaleigh  5270  0.026900
479  Maritza  5227  0.026600
480  Kenya  5218  0.026600
481  Tasha  5216  0.026600
482  Cristal  5212  0.026600
483  Carina  5209  0.026500
484  Corinne  5202  0.026500
485  Maribel  5194  0.026500
486  Blanca  5177  0.026400
487  Chantel  5171  0.026300
488  Julianne  5167  0.026300
489  Ivy  5110  0.026000
490  Tiffani  5071  0.025800
491  Judith  5066  0.025800
492  Paris  5063  0.025800
493  Kelsi  5053  0.025700
494  Alanna  5027  0.025600
495  Haleigh  5024  0.025600
496  Janae  5017  0.025600
497  Tatyana  4999  0.025500
498  Lauryn  4979  0.025400
499  Lizbeth  4977  0.025400
500  Yvonne  4975  0.025300
501  Charity  4967  0.025300
502  Lori  4952  0.025200
503  Carol  4950  0.025200
504  Kelley  4933  0.025100
505  Kiersten  4925  0.025100
506  Yasmin  4917  0.025100
507  Diane  4910  0.025000
508  Kaley  4905  0.025000
509  Eleanor  4863  0.024800
510  Aliyah  4831  0.024600
511  Margarita  4819  0.024600
512  Leanna  4809  0.024500
513  Julissa  4808  0.024500
514  Lyndsey  4785  0.024400
515  Viviana  4784  0.024400
516  Jill  4754  0.024200
517  Chanel  4747  0.024200
518  Sandy  4745  0.024200
519  Eliza  4741  0.024200
520  Hallie  4738  0.024100
521  Shaina  4721  0.024100
522  Tianna  4716  0.024000
523  Mollie  4656  0.023700
524  Sheila  4643  0.023700
525  Lesley  4637  0.023600
526  Yolanda  4625  0.023600
527  Paulina  4621  0.023500
528  Emilie  4621  0.023500
529  Kaylin  4615  0.023500
530  Desirae  4611  0.023500
531  Moriah  4606  0.023500
532  Casandra  4604  0.023500
533  Tanisha  4590  0.023400
534  Perla  4578  0.023300
535  Kaylie  4575  0.023300
536  Anita  4569  0.023300
537  Genevieve  4561  0.023200
538  Tess  4552  0.023200
539  Stephany  4509  0.023000
540  Maranda  4500  0.022900
541  Edith  4440  0.022600
542  Justice  4435  0.022600
543  Lena  4431  0.022600
544  Fatima  4422  0.022500
545  Shana  4421  0.022500
546  Alisa  4421  0.022500
547  Bonnie  4419  0.022500
548  Beatriz  4383  0.022300
549  Georgia  4380  0.022300
550  Kassidy  4371  0.022300
551  Laurel  4361  0.022200
552  Cayla  4358  0.022200
553  Micaela  4357  0.022200
554  Lacy  4351  0.022200
555  Kathy  4313  0.022000
556  Kacie  4308  0.021900
557  Baylee  4305  0.021900
558  Dawn  4300  0.021900
559  Alina  4299  0.021900
560  Antoinette  4291  0.021900
561  Bridgette  4287  0.021800
562  Roxanne  4282  0.021800
563  Yasmine  4281  0.021800
564  Alexandrea  4270  0.021800
565  Carlie  4252  0.021700
566  Rochelle  4249  0.021600
567  Chandler  4249  0.021600
568  Heaven  4245  0.021600
569  Suzanne  4241  0.021600
570  Darian  4201  0.021400
571  Dorothy  4197  0.021400
572  Ava  4196  0.021400
573  Araceli  4174  0.021300
574  Selina  4169  0.021200
575  Sally  4152  0.021200
576  Tyra  4148  0.021100
577  Susana  4139  0.021100
578  Antonia  4121  0.021000
579  Alysha  4115  0.021000
580  Eileen  4108  0.020900
581  Katelin  4107  0.020900
582  Norma  4098  0.020900
583  Breanne  4086  0.020800
584  Noemi  4083  0.020800
585  Iesha  4062  0.020700
586  Kaylyn  4038  0.020600
587  Rosemary  4030  0.020500
588  Shauna  4024  0.020500
589  Keri  4016  0.020500
590  Celina  4007  0.020400
591  Luz  3999  0.020400
592  Aisha  3998  0.020400
593  Ryan  3997  0.020400
594  Clare  3962  0.020200
595  Lucia  3961  0.020200
596  Janice  3952  0.020100
597  Reagan  3910  0.019900
598  Joyce  3905  0.019900
599  Mara  3884  0.019800
600  Hilary  3877  0.019800
601  Charlene  3854  0.019600
602  Rocio  3851  0.019600
603  Skye  3850  0.019600
604  Rhiannon  3832  0.019500
605  Lea  3824  0.019500
606  Nathalie  3819  0.019500
607  Gillian  3814  0.019400
608  Jacklyn  3805  0.019400
609  Ella  3784  0.019300
610  Regan  3750  0.019100
611  Kiley  3739  0.019100
612  Aurora  3695  0.018800
613  Shirley  3687  0.018800
614  Karli  3666  0.018700
615  Karly  3666  0.018700
616  Ashlie  3651  0.018600
617  Juanita  3623  0.018500
618  Keisha  3613  0.018400
619  Angie  3610  0.018400
620  Blair  3561  0.018100
621  Mariela  3552  0.018100
622  Mckayla  3538  0.018000
623  Maegan  3538  0.018000
624  Celia  3533  0.018000
625  Annette  3532  0.018000
626  Trinity  3519  0.017900
627  Loren  3518  0.017900
628  Yadira  3508  0.017900
629  Thalia  3502  0.017800
630  Reyna  3492  0.017800
631  Katy  3479  0.017700
632  Eden  3478  0.017700
633  Alex  3470  0.017700
634  Ashlynn  3459  0.017600
635  Madalyn  3457  0.017600
636  Shelbi  3434  0.017500
637  Leanne  3430  0.017500
638  Jodi  3415  0.017400
639  Hailee  3411  0.017400
640  Katarina  3411  0.017400
641  Abbie  3404  0.017300
642  Essence  3391  0.017300
643  Kerri  3390  0.017300
644  Sonya  3385  0.017200
645  Jaqueline  3382  0.017200
646  Tonya  3380  0.017200
647  Mya  3365  0.017100
648  Darlene  3349  0.017100
649  Beverly  3346  0.017000
650  Kasandra  3340  0.017000
651  Keely  3340  0.017000
652  Tammy  3320  0.016900
653  Cora  3316  0.016900
654  Lizette  3315  0.016900
655  Katlin  3310  0.016900
656  Makenna  3309  0.016900
657  Jena  3301  0.016800
658  Shantel  3296  0.016800
659  Karlee  3285  0.016700
660  Phoebe  3278  0.016700
661  Lexus  3263  0.016600
662  Maura  3261  0.016600
663  Aileen  3258  0.016600
664  Halie  3251  0.016600
665  Dulce  3250  0.016600
666  Sarai  3243  0.016500
667  Jesse  3234  0.016500
668  Elaina  3221  0.016400
669  Rita  3217  0.016400
670  Ashly  3216  0.016400
671  Ellie  3210  0.016400
672  Micah  3210  0.016400
673  Shanna  3202  0.016300
674  Athena  3188  0.016200
675  Arlene  3177  0.016200
676  Kacey  3157  0.016100
677  Kelsea  3151  0.016100
678  Rylee  3151  0.016100
679  Ayanna  3142  0.016000
680  Connie  3129  0.015900
681  Silvia  3126  0.015900
682  Justina  3123  0.015900
683  Alayna  3114  0.015900
684  Kirstin  3106  0.015800
685  Sade  3105  0.015800
686  Latoya  3104  0.015800
687  Rebeca  3101  0.015800
688  Gretchen  3096  0.015800
689  Beth  3087  0.015700
690  Melina  3086  0.015700
691  Janessa  3076  0.015700
692  Anissa  3071  0.015600
693  Camryn  3069  0.015600
694  Jenifer  3059  0.015600
695  Karlie  3054  0.015600
696  Lara  3039  0.015500
697  Bailee  3039  0.015500
698  Kerry  3037  0.015500
699  Dallas  3014  0.015400
700  Brook  3007  0.015300
701  Octavia  3004  0.015300
702  Joanne  2999  0.015300
703  Elyse  2996  0.015300
704  Addison  2996  0.015300
705  Shaniqua  2995  0.015300
706  Cheryl  2986  0.015200
707  Gwendolyn  2983  0.015200
708  Alycia  2978  0.015200
709  Kailee  2974  0.015200
710  Jayla  2965  0.015100
711  Jana  2951  0.015000
712  Khadijah  2946  0.015000
713  Fiona  2945  0.015000
714  Debra  2944  0.015000
715  Savanah  2930  0.014900
716  Ali  2927  0.014900
717  Kori  2918  0.014900
718  Yessenia  2914  0.014800
719  Corina  2902  0.014800
720  Brittni  2900  0.014800
721  Constance  2892  0.014700
722  Lexi  2880  0.014700
723  Mandy  2878  0.014700
724  Carli  2866  0.014600
725  Christie  2865  0.014600
726  Elissa  2865  0.014600
727  Christiana  2862  0.014600
728  Shelbie  2859  0.014600
729  Carlee  2859  0.014600
730  Allyssa  2856  0.014600
731  Kaela  2844  0.014500
732  Tabatha  2839  0.014500
733  Fabiola  2832  0.014400
734  Dianna  2811  0.014300
735  Kalyn  2807  0.014300
736  Mindy  2800  0.014300
737  Shakira  2796  0.014200
738  Shyanne  2794  0.014200
739  Nikita  2787  0.014200
740  Alysia  2786  0.014200
741  Kaci  2782  0.014200
742  Latasha  2778  0.014200
743  Kristie  2769  0.014100
744  Shea  2747  0.014000
745  Gladys  2721  0.013900
746  Maddison  2717  0.013800
747  Jalisa  2692  0.013700
748  Stacie  2688  0.013700
749  Montana  2685  0.013700
750  Hollie  2682  0.013700
751  Nadine  2682  0.013700
752  Maricela  2677  0.013600
753  Graciela  2675  0.013600
754  Helena  2666  0.013600
755  Stevie  2665  0.013600
756  Halle  2654  0.013500
757  Maureen  2652  0.013500
758  Janette  2652  0.013500
759  Brielle  2646  0.013500
760  Destini  2644  0.013500
761  Janie  2637  0.013400
762  Kala  2635  0.013400
763  Demi  2615  0.013300
764  Baby  2614  0.013300
765  Ingrid  2608  0.013300
766  Audra  2595  0.013200
767  Jayme  2564  0.013100
768  Chantal  2560  0.013000
769  Breann  2556  0.013000
770  Destiney  2538  0.012900
771  Daphne  2517  0.012800
772  Alessandra  2516  0.012800
773  Bobbie  2510  0.012800
774  Tamia  2506  0.012800
775  Jessika  2500  0.012700
776  Adrian  2498  0.012700
777  Leigh  2497  0.012700
778  Liana  2490  0.012700
779  Kristian  2486  0.012700
780  Latisha  2486  0.012700
781  Devan  2484  0.012700
782  Macey  2475  0.012600
783  Myra  2473  0.012600
784  Judy  2468  0.012600
785  Sage  2464  0.012600
786  Jennie  2464  0.012600
787  Nataly  2463  0.012500
788  Cecelia  2444  0.012500
789  Dayna  2443  0.012400
790  Gabriel  2442  0.012400
791  Lucero  2441  0.012400
792  Magdalena  2439  0.012400
793  Aspen  2438  0.012400
794  Joelle  2434  0.012400
795  Ayla  2430  0.012400
796  Devyn  2430  0.012400
797  Jami  2418  0.012300
798  Kallie  2408  0.012300
799  Princess  2408  0.012300
800  Berenice  2397  0.012200
801  Brandie  2372  0.012100
802  Cori  2369  0.012100
803  Christen  2368  0.012100
804  Leann  2352  0.012000
805  Alysa  2340  0.011900
806  Racheal  2340  0.011900
807  Ayana  2338  0.011900
808  Staci  2323  0.011800
809  Elisha  2310  0.011800
810  Kaycee  2305  0.011700
811  Kristyn  2303  0.011700
812  Kortney  2299  0.011700
813  Jackie  2291  0.011700
814  Terri  2277  0.011600
815  Tracey  2276  0.011600
816  Darby  2271  0.011600
817  Itzel  2270  0.011600
818  Bobbi  2264  0.011500
819  Kayley  2260  0.011500
820  Martina  2259  0.011500
821  Krysta  2251  0.011500
822  Shelly  2239  0.011400
823  Catalina  2227  0.011300
824  Lacie  2227  0.011300
825  Kalie  2216  0.011300
826  Emilia  2204  0.011200
827  Chaya  2202  0.011200
828  Karley  2195  0.011200
829  Elsa  2191  0.011200
830  Bryana  2186  0.011100
831  Noel  2184  0.011100
832  Iliana  2183  0.011100
833  Domonique  2178  0.011100
834  Asha  2159  0.011000
835  Tatum  2158  0.011000
836  Celine  2149  0.010900
837  Juana  2149  0.010900
838  Monika  2145  0.010900
839  Joselyn  2140  0.010900
840  Myranda  2139  0.010900
841  Dalia  2131  0.010900
842  Annika  2129  0.010800
843  Kianna  2120  0.010800
844  Marcella  2118  0.010800
845  Lesly  2114  0.010800
846  Jaimie  2087  0.010600
847  Marisela  2086  0.010600
848  Melisa  2080  0.010600
849  Giovanna  2068  0.010500
850  Betty  2052  0.010500
851  Britany  2052  0.010500
852  Emerald  2050  0.010400
853  Kailyn  2050  0.010400
854  Lexie  2047  0.010400
855  Eliana  2046  0.010400
856  Carson  2045  0.010400
857  Kirstie  2041  0.010400
858  Patrice  2039  0.010400
859  Kaylynn  2023  0.010300
860  Infant  2013  0.010300
861  Sydnee  2007  0.010200
862  Zoey  2003  0.010200
863  Beatrice  2003  0.010200
864  Brittanie  1996  0.010200
865  Breonna  1995  0.010200
866  Marlena  1986  0.010100
867  Hali  1967  0.010000
868  Lynn  1964  0.010000
869  Malia  1960  0.010000
870  Roxana  1954  0.010000
871  Kia  1949  0.009900
872  Alecia  1943  0.009900
873  Damaris  1939  0.009900
874  Scarlett  1937  0.009900
875  Belinda  1928  0.009800
876  Jazmyn  1903  0.009700
877  Mariam  1901  0.009700
878  Terra  1896  0.009700
879  Pauline  1883  0.009600
880  Emely  1872  0.009500
881  Christin  1865  0.009500
882  Ivette  1853  0.009400
883  Eboni  1847  0.009400
884  Lyric  1839  0.009400
885  Rikki  1831  0.009300
886  Delia  1827  0.009300
887  Brooklynn  1823  0.009300
888  Dina  1821  0.009300
889  Macie  1820  0.009300
890  Aubree  1818  0.009300
891  Sherry  1812  0.009200
892  Leila  1806  0.009200
893  Alesha  1786  0.009100
894  Brionna  1785  0.009100
895  Billie  1767  0.009000
896  Ashanti  1765  0.009000
897  Griselda  1764  0.009000
898  Kayli  1764  0.009000
899  Tricia  1757  0.009000
900  Hana  1756  0.008900
901  Aleah  1748  0.008900
902  Elyssa  1741  0.008900
903  Aja  1740  0.008900
904  Yasmeen  1737  0.008800
905  Lourdes  1733  0.008800
906  Traci  1732  0.008800
907  Miracle  1727  0.008800
908  Mikala  1726  0.008800
909  Alena  1724  0.008800
910  Anjelica  1701  0.008700
911  Isis  1696  0.008600
912  Danica  1695  0.008600
913  Susanna  1694  0.008600
914  Estefania  1690  0.008600
915  Drew  1682  0.008600
916  Jocelyne  1676  0.008500
917  Sienna  1671  0.008500
918  Lilly  1670  0.008500
919  Janay  1662  0.008500
920  Katlynn  1653  0.008400
921  Lizeth  1630  0.008300
922  Lorraine  1629  0.008300
923  Mireya  1618  0.008200
924  Kimberlee  1611  0.008200
925  Abbigail  1607  0.008200
926  Kendal  1596  0.008100
927  Layla  1590  0.008100
928  Shyann  1581  0.008100
929  Blake  1576  0.008000
930  Ashely  1575  0.008000
931  Jailene  1573  0.008000
932  Leandra  1565  0.008000
933  Corey  1564  0.008000
934  Kenia  1561  0.008000
935  Kaelyn  1561  0.008000
936  Katerina  1561  0.008000
937  Yazmin  1559  0.007900
938  Stormy  1551  0.007900
939  Sheena  1551  0.007900
940  Sarina  1551  0.007900
941  Kenzie  1550  0.007900
942  Kamryn  1544  0.007900
943  Leilani  1535  0.007800
944  Esperanza  1533  0.007800
945  Anika  1532  0.007800
946  Lana  1532  0.007800
947  Maira  1528  0.007800
948  Annabelle  1525  0.007800
949  Ashli  1522  0.007800
950  Chelsi  1504  0.007700
951  Gracie  1497  0.007600
952  Jessi  1496  0.007600
953  Kinsey  1491  0.007600
954  Eryn  1491  0.007600
955  Irma  1487  0.007600
956  Marley  1486  0.007600
957  Leeann  1483  0.007600
958  Jerrica  1482  0.007600
959  Reina  1481  0.007500
960  Kimberley  1474  0.007500
961  Haylie  1473  0.007500
962  Tiffanie  1467  0.007500
963  Tiera  1467  0.007500
964  Chyna  1466  0.007500
965  Zaria  1460  0.007400
966  Maia  1458  0.007400
967  Chantelle  1453  0.007400
968  Juliette  1450  0.007400
969  Kristal  1445  0.007400
970  Amari  1443  0.007400
971  Amie  1439  0.007300
972  Dasia  1437  0.007300
973  Unique  1420  0.007200
974  Olga  1417  0.007200
975  Nayeli  1415  0.007200
976  Juliet  1400  0.007100
977  Rhonda  1396  0.007100
978  Alivia  1394  0.007100
979  Marlee  1384  0.007100
980  Tyesha  1380  0.007000
981  Kyleigh  1378  0.007000
982  Patience  1370  0.007000
983  Sydni  1366  0.007000
984  Krystle  1360  0.006900
985  Tatianna  1358  0.006900
986  Janine  1352  0.006900
987  Valentina  1346  0.006900
988  Daisha  1344  0.006800
989  Kathrine  1340  0.006800
990  Laurie  1320  0.006700
991  Mattie  1314  0.006700
992  Sydnie  1314  0.006700
993  Jamila  1312  0.006700
994  Lisette  1310  0.006700
995  Jodie  1305  0.006600
996  Jasmyn  1300  0.006600
997  Tamera  1299  0.006600
998  Madyson  1291  0.006600
999  Laken  1286  0.006600
1000  Anahi  1285  0.006500
